SheafSystemProgrammersGuide Example26:
i_hat_v:   1.000000000000000000e+00   0.000000000000000000e+00   0.000000000000000000e+00
j_hat_v:   0.000000000000000000e+00   1.000000000000000000e+00   0.000000000000000000e+00
v1_v:	   1.000000000000000000e+00   1.000000000000000000e+00   0.000000000000000000e+00
v2_v:	   1.000000000000000000e+00   1.000000000000000000e+00   0.000000000000000000e+00
v3_v:	   1.000000000000000000e+00   1.000000000000000000e+00   0.000000000000000000e+00
v4_v:	   1.000000000000000000e+00   1.000000000000000000e+00   0.000000000000000000e+00
v5_v:	   1.000000000000000000e+00   1.000000000000000000e+00   0.000000000000000000e+00
v6_v:	   2.000000000000000000e+00   0.000000000000000000e+00   0.000000000000000000e+00
v7_v:	   2.000000000000000000e+00   0.000000000000000000e+00   0.000000000000000000e+00
ls0:	   1.000000000000000000e+00
ls1:	   1.000000000000000000e+00
k_hat_v:   0.000000000000000000e+00   0.000000000000000000e+00   1.000000000000000000e+00
k_hat_v:   0.000000000000000000e+00   0.000000000000000000e+00   2.000000000000000000e+00
k_hat_v:   0.000000000000000000e+00   0.000000000000000000e+00   1.000000000000000000e+00
